0 0.1640625 0.51875 0.328125 0.4578125
0 0.4296875 0.65625 0.3046875 0.378125
0 0.6625 0.40625 0.2953125 0.346875
0 0.32734375 0.325 0.296875 0.3
0 0.478125 0.33828125 0.109375 0.2546875
0 0.125 0.15 0.1953125 0.2609375
0 0.0609375 0.3296875 0.121875 0.23125
0 0.08046875 0.8 0.1609375 0.4
0 0.21171875 0.85703125 0.2109375 0.28125
0 0.3671875 0.9046875 0.125 0.190625
0 0.559375 0.903125 0.2734375 0.19375
0 0.8390625 0.796875 0.25625 0.30625
0 0.86171875 0.94921875 0.184375 0.1015625
0 0.63359375 0.74375 0.1625 0.290625
0 0.3703125 0.909375 0.1140625 0.165625
0 0.82578125 0.53203125 0.0984375 0.1859375
0 0.93984375 0.51484375 0.0828125 0.2796875
0 0.91796875 0.27578125 0.1484375 0.2265625
0 0.77734375 0.1234375 0.2921875 0.2171875
0 0.946875 0.07890625 0.09375 0.109375
0 0.58125 0.21875 0.1125 0.134375
0 0.61015625 0.08125 0.10625 0.1328125
0 0.49921875 0.1234375 0.13125 0.1765625
0 0.34609375 0.10625 0.2671875 0.203125