0 0.190625 0.5140625 0.30625 0.45
0 0.46328125 0.6453125 0.2859375 0.371875
0 0.6828125 0.390625 0.278125 0.340625
0 0.34375 0.3171875 0.28125 0.29375
0 0.4953125 0.3265625 0.096875 0.253125
0 0.1328125 0.146875 0.18125 0.25625
0 0.0703125 0.328125 0.125 0.228125
0 0.09921875 0.8 0.1859375 0.4
0 0.25625 0.85078125 0.196875 0.2765625
0 0.4140625 0.8953125 0.115625 0.1875
0 0.60625 0.89765625 0.2625 0.2046875
0 0.8796875 0.7765625 0.240625 0.3
0 0.9109375 0.93984375 0.178125 0.1203125
0 0.671875 0.728125 0.146875 0.2875
0 0.4171875 0.9 0.10625 0.1625
0 0.85234375 0.5125 0.0890625 0.184375
0 0.965625 0.4921875 0.06875 0.278125
0 0.93125 0.25390625 0.1375 0.2234375
0 0.7828125 0.10546875 0.28125 0.2109375
0 0.95 0.05703125 0.0875 0.1078125
0 0.5921875 0.2046875 0.10625 0.13125
0 0.6140625 0.0671875 0.1 0.13125
0 0.5046875 0.11171875 0.121875 0.1734375
0 0.3515625 0.0984375 0.25625 0.196875