0 0.1921875 0.46015625 0.378125 0.4953125
0 0.4390625 0.63671875 0.346875 0.4171875
0 0.7 0.425 0.334375 0.384375
0 0.378125 0.29375 0.328125 0.3375
0 0.52578125 0.328125 0.1390625 0.265625
0 0.1984375 0.11484375 0.221875 0.2296875
0 0.10625 0.25625 0.1625 0.246875
0 0.08984375 0.72578125 0.1796875 0.4265625
0 0.19921875 0.803125 0.2421875 0.30625
0 0.346875 0.87421875 0.146875 0.2046875
0 0.534375 0.89296875 0.29375 0.2140625
0 0.82578125 0.834375 0.2890625 0.33125
0 0.828125 0.96484375 0.196875 0.0703125
0 0.63046875 0.7546875 0.1953125 0.309375
0 0.34921875 0.88046875 0.1328125 0.1796875
0 0.84609375 0.57265625 0.1203125 0.1984375
0 0.95 0.571875 0.1 0.2875
0 0.93984375 0.3328125 0.1203125 0.24375
0 0.84453125 0.1609375 0.3109375 0.25625
0 0.98359375 0.140625 0.0328125 0.121875
0 0.64296875 0.22578125 0.1265625 0.1484375
0 0.6875 0.09375 0.121875 0.146875
0 0.57265625 0.11796875 0.1515625 0.1921875
0 0.421875 0.09921875 0.2875 0.1984375