0 0.1875 0.46328125 0.375 0.5015625
0 0.4203125 0.64453125 0.359375 0.4234375
0 0.6875 0.4375 0.3453125 0.390625
0 0.36953125 0.3 0.3375 0.34375
0 0.51640625 0.3375 0.146875 0.26875
0 0.1953125 0.11796875 0.228125 0.2328125
0 0.0984375 0.2578125 0.1703125 0.25
0 0.08203125 0.72734375 0.1640625 0.4296875
0 0.17578125 0.80625 0.2515625 0.3109375
0 0.32109375 0.88046875 0.153125 0.2078125
0 0.50859375 0.89609375 0.3 0.2078125
0 0.8015625 0.840625 0.2984375 0.31875
0 0.8 0.97109375 0.1984375 0.0578125
0 0.60859375 0.765625 0.2046875 0.3125
0 0.3234375 0.88671875 0.1375 0.18125
0 0.8296875 0.5875 0.1265625 0.2
0 0.93359375 0.58828125 0.1078125 0.2890625
0 0.93046875 0.34921875 0.128125 0.2453125
0 0.83984375 0.17578125 0.31875 0.2609375
0 0.9796875 0.1578125 0.0359375 0.121875
0 0.63671875 0.23671875 0.13125 0.15
0 0.68515625 0.10546875 0.1265625 0.1484375
0 0.56953125 0.128125 0.1578125 0.1953125
0 0.41875 0.10625 0.29375 0.203125