0 0.1890625 0.46484375 0.378125 0.5046875
0 0.43203125 0.646875 0.3515625 0.425
0 0.6953125 0.44140625 0.3390625 0.3921875
0 0.375 0.30234375 0.3328125 0.3453125
0 0.521875 0.340625 0.1421875 0.26875
0 0.196875 0.11953125 0.225 0.234375
0 0.103125 0.25859375 0.165625 0.25
0 0.08671875 0.728125 0.1734375 0.43125
0 0.18984375 0.8078125 0.2453125 0.3125
0 0.33671875 0.88203125 0.15 0.2078125
0 0.52421875 0.89765625 0.296875 0.2046875
0 0.81640625 0.8421875 0.2921875 0.315625
0 0.8171875 0.9734375 0.1984375 0.053125
0 0.621875 0.76953125 0.1984375 0.3140625
0 0.3390625 0.88828125 0.134375 0.1828125
0 0.8390625 0.5921875 0.121875 0.2015625
0 0.94296875 0.59375 0.103125 0.2890625
0 0.9359375 0.3546875 0.1234375 0.246875
0 0.84296875 0.18046875 0.3140625 0.2640625
0 0.98203125 0.16328125 0.034375 0.121875
0 0.640625 0.240625 0.128125 0.1515625
0 0.68671875 0.109375 0.1234375 0.15
0 0.57109375 0.13125 0.153125 0.1953125
0 0.42109375 0.109375 0.2890625 0.2046875