0 0.190625 0.52109375 0.30625 0.4609375
0 0.46328125 0.66171875 0.2859375 0.38125
0 0.6828125 0.41484375 0.278125 0.35
0 0.34375 0.32890625 0.28125 0.303125
0 0.4953125 0.34375 0.096875 0.25625
0 0.1328125 0.1515625 0.18125 0.2625
0 0.0703125 0.33046875 0.125 0.2328125
0 0.09921875 0.8 0.1859375 0.4
0 0.25625 0.859375 0.196875 0.28125
0 0.4140625 0.90703125 0.115625 0.1859375
0 0.60625 0.90625 0.2625 0.1875
0 0.8796875 0.80703125 0.240625 0.3078125
0 0.9109375 0.95390625 0.178125 0.0921875
0 0.671875 0.7515625 0.146875 0.2921875
0 0.4171875 0.91484375 0.10625 0.165625
0 0.85234375 0.5421875 0.0890625 0.1875
0 0.965625 0.52578125 0.06875 0.28125
0 0.93125 0.28671875 0.1375 0.228125
0 0.7828125 0.1328125 0.28125 0.2203125
0 0.95 0.08984375 0.0875 0.1109375
0 0.5921875 0.225 0.10625 0.134375
0 0.6140625 0.08828125 0.1 0.134375
0 0.5046875 0.1296875 0.121875 0.178125
0 0.3515625 0.1109375 0.25625 0.20625